Leg =  2.0
Direction =  -1.0
Optimized Cost = 79732.68605041591
Parameters:
wg =  [1.43829641e-06 2.69591086e-02 9.71041192e-02]
ub = [-12.0 -6.0 -4.914653353403106 ]
sb = [3.0589399262323997 4.748876494799708 3.9385044923263473 ]
pb = [1.3578466307777486e-10 2.7547655527939966e-16 1.346170652261693e-13 ]
elj = [10.0 10.0 26.726688325451015 ]
uce = [10.0 10.0 15.497875742502377 ]
nl = [5.136613026615849 19.92007540863198 36.86476195778821 ]
-------------------------------------------------------------------------
