Leg =  2.0
Direction =  -1.0
Optimized Cost = 79855.03933563095
Parameters:
wg =  [2.98227637e-06 5.57059613e-03 9.94426422e-01]
ub = [-11.275375353834765 -10.691014450441676 -4.379361029032281 ]
sb = [3.1230266997910716 4.441161929819155 4.045776004817108 ]
pb = [1.1655376214340855e-09 2.98150255013646e-16 1.5680331723188855e-13 ]
elj = [1.0 1.0 1.5272338533981422 ]
uce = [1.0 1.0 1.0 ]
nl = [15.094184182683207 33.49153541191397 60.0 ]
-------------------------------------------------------------------------
