Leg =  2.0
Direction =  -1.0
Optimized Cost = 76689.77133800558
Parameters:
wg =  [2.82235715e-05 2.99855007e-02 9.69986276e-01]
ub = [-24.562902470895263 -15.31192250323204 1.9858615560782737 ]
sb = [2.8502061631479823 3.795309886419276 5.233147137317643 ]
pb = [7.277961098557525e-09 4.754435879095558e-09 5.039999739271996e-28 ]
elj = [1.0 1.0 12.854173012010513 ]
uce = [1.0 1.0 9.63118942057314 ]
nl = [11.436713054350202 44.14553418622104 60.0 ]
-------------------------------------------------------------------------
