Leg =  2.0
Direction =  -1.0
Optimized Cost = 81958.34189527514
Parameters:
wg =  [5.51757670e-06 9.33649793e-03 9.99805883e-01]
ub = [-20.0 -20.0 -11.395992641019703 ]
sb = [3.627690638591202 4.824229901568011 4.501869404793086 ]
pb = [2.347278784212623e-09 8.161062655420541e-18 3.5122137265803295e-13 ]
elj = [10.0 10.0 33.06326816560699 ]
uce = [10.0 10.0 14.520501755533678 ]
nl = [4.585173823409455 21.513271922425623 60.0 ]
-------------------------------------------------------------------------
