Leg =  2.0
Direction =  -1.0
Optimized Cost = 82130.81900931496
Parameters:
wg =  [1.22847736e-05 7.10194916e-03 9.92885766e-01]
ub = [-19.13910287938913 -22.2293364163458 -8.90872660297519 ]
sb = [3.71567604156464 4.689823210043213 4.775460875866866 ]
pb = [2.7108943236845885e-09 2.116083804485212e-18 9.571510471337863e-13 ]
elj = [1.0 1.0 20.0 ]
uce = [1.0 1.0 10.0 ]
nl = [15.894769717758816 49.296682906184216 60.0 ]
-------------------------------------------------------------------------
