Leg =  2.0
Direction =  -1.0
Optimized Cost = 78828.6113218358
Parameters:
wg =  [1.38180585e-05 6.09617716e-03 1.96410203e-01]
ub = [-22.999999999999996 -18.0 -8.032908071544064 ]
sb = [3.3984417221687147 3.4253776857116693 4.65083220755821 ]
pb = [2.16350277475009e-08 4.0480134525448065e-10 6.043471689157145e-11 ]
elj = [10.0 10.0 16.34560994560541 ]
uce = [10.0 10.0 10.0 ]
nl = [4.174662790698882 18.231255989089057 60.0 ]
-------------------------------------------------------------------------
