Leg =  2.0
Direction =  -1.0
Optimized Cost = 76650.74392496498
Parameters:
wg =  [3.90183097e-05 3.06521996e-02 9.69308782e-01]
ub = [-27.199080652033793 -20.789756199903216 -11.567822714767159 ]
sb = [2.9953384644566703 3.5401752879016204 4.489293643094506 ]
pb = [1.5466450258061457e-09 3.290551997695349e-10 8.319676268408669e-11 ]
elj = [1.0 1.0357102751110212 18.800878975504418 ]
uce = [1.0 1.0 9.99904013082655 ]
nl = [14.287439758708818 50.50183500463889 60.0 ]
-------------------------------------------------------------------------
