Leg =  2.0
Direction =  -1.0
Optimized Cost = 75277.09027938954
Parameters:
wg =  [1.]
ub = [2.412009928544214 ]
sb = [3.457442383222741 ]
pb = [0.005769788482147689 ]
elj = [3.9168528996091783 ]
uce = [1.0 ]
nl = [2.5 ]
-------------------------------------------------------------------------
