Leg =  2.0
Direction =  -1.0
Optimized Cost = 81403.57468310445
Parameters:
wg =  [7.47713770e-06 6.08659193e-01]
ub = [-7.475904205429173 13.711146577751881 ]
sb = [4.269145765311384 6.29420845252173 ]
pb = [5.758746331665316e-11 3.869034770485481e-14 ]
elj = [10.0 10.0 ]
uce = [10.0 10.0 ]
nl = [7.523499097887653 28.672189349315214 ]
-------------------------------------------------------------------------
