Leg =  2.0
Direction =  -1.0
Optimized Cost = 79807.14639317733
Parameters:
wg =  [8.63911409e-05 9.99913609e-01]
ub = [-6.832665479342059 9.738041784063949 ]
sb = [4.11134163196055 5.6798542070449205 ]
pb = [1.2254712823030278e-09 1.6979442414174498e-12 ]
elj = [1.0 1.0 ]
uce = [1.0 1.0 ]
nl = [20.19016948181603 57.897715499243446 ]
-------------------------------------------------------------------------
