Leg =  2.0
Direction =  -1.0
Optimized Cost = 81060.44465370437
Parameters:
wg =  [7.85870662e-05 2.41087579e-01]
ub = [-7.019997307483044 9.717981044060876 ]
sb = [4.105298295802049 5.8879838347462226 ]
pb = [3.114065519216051e-10 2.1622831477575143e-12 ]
elj = [1.0 11.011051028586877 ]
uce = [-0.5 1.0 ]
nl = [27.955585416871745 30.0 ]
-------------------------------------------------------------------------
