Leg =  2.0
Direction =  -1.0
Optimized Cost = 76007.20695154386
Parameters:
wg =  [0.00127049 0.99872951]
ub = [-6.872486635483576 3.9014612692526893 ]
sb = [3.3713173612174434 4.449673346519698 ]
pb = [4.600115486559238e-07 2.4109975804071557e-09 ]
elj = [1.0 1.0 ]
uce = [1.0 1.0 ]
nl = [13.364654210863634 36.16741687638205 ]
-------------------------------------------------------------------------
