Leg =  2.0
Direction =  -1.0
Optimized Cost = 76115.8225995221
Parameters:
wg =  [0.00108512 0.6291576 ]
ub = [-6.811845695297418 4.7952758550168415 ]
sb = [3.3785367416174616 4.561915737987217 ]
pb = [3.999874409547815e-07 3.3574127721988124e-09 ]
elj = [10.0 10.0 ]
uce = [1.0 10.0 ]
nl = [6.446267394463314 13.453815153675322 ]
-------------------------------------------------------------------------
