Leg =  2.0
Direction =  -1.0
Optimized Cost = 72499.78925823426
Parameters:
wg =  [0.52171358 0.55516225]
ub = [-0.5246617538450368 0.012781194890816375 ]
sb = [2.652081882874193 3.123262112784118 ]
pb = [0.012844749108357301 0.0007631812988758157 ]
elj = [0.24162248981931642 0.20201394395044922 ]
uce = [1.6058868524997885 8.0 ]
nl = [4.598032749922163 6.779153521634492 ]
-------------------------------------------------------------------------
