Leg =  2.0
Direction =  -1.0
Optimized Cost = 72500.26756672162
Parameters:
wg =  [0.4464448 0.5535552]
ub = [-0.5148470239628749 0.002182978396375566 ]
sb = [2.6550658552309856 3.123883141888009 ]
pb = [0.013954094614090468 0.0006897965523205917 ]
elj = [1.0 1.0 ]
uce = [1.0 2.516147082998136 ]
nl = [2.974076916029778 5.386534985870639 ]
-------------------------------------------------------------------------
