Leg =  2.0
Direction =  -1.0
Optimized Cost = 80544.00161792517
Parameters:
wg =  [8.90531456e-08 2.75081499e-04 6.07233093e-02]
ub = [-6.153767391816212 -6.499999999999999 -6.499999999999999 ]
sb = [3.950221486420775 4.7723280520939335 5.015233582709246 ]
pb = [1.863274352535372e-07 4.306681493705143e-15 0.0 ]
elj = [10.0 10.0 10.0 ]
uce = [10.0 10.0 10.0 ]
nl = [3.6906273325735763 10.0 22.451019081763636 ]
-------------------------------------------------------------------------
