Leg =  2.0
Direction =  -1.0
Optimized Cost = 76785.80145842966
Parameters:
wg =  [5.56406296e-06 2.78846754e-01 7.25487969e-03]
ub = [-25.0 -10.0 5.0 ]
sb = [2.9002929860393856 4.381575815662891 8.0 ]
pb = [2.5622530320839082e-09 1.3266737552289634e-10 5.4045915063597876e-28 ]
elj = [10.0 12.168556802209075 10.0 ]
uce = [10.0 10.0 10.0 ]
nl = [3.276175602831356 60.0 16.56522715658791 ]
-------------------------------------------------------------------------
