Leg =  2.0
Direction =  -1.0
Optimized Cost = 81105.72666964939
Parameters:
wg =  [2.79212337e-05 9.99972079e-01]
ub = [-7.513796311436221 13.42494985191029 ]
sb = [4.265246640822018 6.271447750856952 ]
pb = [2.2040861457643808e-11 3.204998494777151e-14 ]
elj = [1.0 2.3088472538950526 ]
uce = [1.0 1.0 ]
nl = [26.248973440597897 60.0 ]
-------------------------------------------------------------------------
