Leg =  2.0
Direction =  -1.0
Optimized Cost = 81222.50632103591
Parameters:
wg =  [5.02748980e-05 6.54749444e-01]
ub = [-7.051744804240831 9.51968364516646 ]
sb = [4.101922912655572 5.872567220756347 ]
pb = [1.3854903914766884e-09 2.1485535286398683e-12 ]
elj = [10.0 10.0 ]
uce = [10.0 10.0 ]
nl = [5.94960072050215 21.82539501204811 ]
-------------------------------------------------------------------------
