Leg =  2.0
Direction =  -1.0
Optimized Cost = 79867.50316548058
Parameters:
wg =  [2.20657876e-05 2.40692527e-01 6.47758137e-03]
ub = [-15.419178623660764 -6.8814820571861715 -6.0 ]
sb = [3.717697725616596 4.477293232693406 5.162734434721022 ]
pb = [1.2954200886286106e-06 4.945703595761376e-10 1.2401140470664318e-10 ]
elj = [10.0 16.823186754124695 10.0 ]
uce = [1.0 10.007235024103926 10.0 ]
nl = [5.16543056162328 60.0 17.613560902364235 ]
-------------------------------------------------------------------------
