Leg =  2.0
Direction =  -1.0
Optimized Cost = 79842.7760337069
Parameters:
wg =  [1.37403901e-04 3.48311847e-02 9.65031411e-01]
ub = [-15.37748333121917 -6.583556233410801 -11.870940488051367 ]
sb = [3.72225827113689 4.510331971352756 4.803501775847317 ]
pb = [8.561272369929937e-07 1.5238016149370054e-08 2.6190336359769194e-14 ]
elj = [1.0 1.0 18.001801983750713 ]
uce = [1.0 1.0 9.989920035563307 ]
nl = [11.651379362782638 48.671143103703486 60.0 ]
-------------------------------------------------------------------------
