Leg =  2.0
Direction =  -1.0
Optimized Cost = 80476.38318720463
Parameters:
wg =  [7.93517943e-08 1.60239027e-03 9.98397530e-01]
ub = [-5.864635863769453 -11.037269530475182 -10.403754988510135 ]
sb = [3.9854347220958197 4.485414963122692 4.472818043766559 ]
pb = [3.677495171506062e-06 2.2971505331242873e-16 0.0 ]
elj = [1.0203389347410257 1.0 1.0 ]
uce = [1.0 1.0 1.0 ]
nl = [9.19913527574579 26.289150394465764 56.94414511693144 ]
-------------------------------------------------------------------------
