Leg =  2.0
Direction =  -1.0
Optimized Cost = 80143.07912528396
Parameters:
wg =  [0.02267507 0.19863516 0.77868977]
ub = [-23.852276711303112 -15.954828310925278 -9.480247378397582 ]
sb = [2.581280694166727 3.1709700549752764 3.834479008625652 ]
pb = [1.4343739533172054e-08 1.4859540529001585e-06 1.3464587082852367e-06 ]
elj = [2.1491049413671375 5.224715453736661 8.97680254281486 ]
uce = [1.0 4.289230429039256 10.0 ]
nl = [7.423218077648585 17.261759256322165 46.28557348652251 ]
-------------------------------------------------------------------------
