Leg =  2.0
Direction =  -1.0
Optimized Cost = 80242.38568024637
Parameters:
wg =  [0.00846581 0.10843846 0.4866771 ]
ub = [-19.0 -12.999999999999998 -6.137760384818368 ]
sb = [3.0919939499966085 3.5546781915227847 3.0 ]
pb = [1.2476611992729918e-06 5.0211989374811445e-06 7.02872666136818e-07 ]
elj = [10.0 10.0 42.06291085820363 ]
uce = [5.149752445872035 10.0 29.831004089074856 ]
nl = [3.0 11.012162262718924 24.513259044499073 ]
-------------------------------------------------------------------------
